
program started at Tue Mar 19 23:47:08 GMT 2019
=============== dimension: 5*5 ==================
=============== square: (1,1) ==================
=============== yield time: 1 MINUTES ==================
=============== list of all neighbours: List((3,2), (2,3)) ==========
=============== list of selected neighbours: List((3,2), (2,3)) ==========
=============== number of threads: 8 ==================
=============== implementation used: KnightTourInFiniteBoardApp(5,5) ==================

neighbour: (3,2), 152 paths 
 ==> 1095 ms
List((1,1), (3,2), (5,3), (4,5), (2,4), (1,2), (3,3), (4,1), (2,2), (1,4), (3,5), (5,4), (4,2), (2,1), (1,3), (2,5), (4,4), (5,2), (3,1), (2,3), (1,5), (3,4), (5,5), (4,3), (5,1))
List((1,1), (3,2), (5,3), (4,5), (2,4), (1,2), (3,1), (5,2), (4,4), (2,5), (1,3), (2,1), (4,2), (5,4), (3,3), (4,1), (2,2), (1,4), (3,5), (2,3), (1,5), (3,4), (5,5), (4,3), (5,1))
List((1,1), (3,2), (5,3), (4,5), (2,4), (1,2), (3,1), (5,2), (4,4), (2,5), (1,3), (2,1), (3,3), (4,1), (2,2), (1,4), (3,5), (5,4), (4,2), (2,3), (1,5), (3,4), (5,5), (4,3), (5,1))
List((1,1), (3,2), (5,3), (4,5), (2,4), (1,2), (3,1), (5,2), (3,3), (4,1), (2,2), (1,4), (3,5), (5,4), (4,2), (2,1), (1,3), (2,5), (4,4), (2,3), (1,5), (3,4), (5,5), (4,3), (5,1))
List((1,1), (3,2), (5,3), (4,1), (2,2), (1,4), (3,5), (5,4), (3,3), (4,5), (2,4), (1,2), (3,1), (5,2), (4,4), (2,5), (1,3), (2,1), (4,2), (2,3), (1,5), (3,4), (5,5), (4,3), (5,1))
List((1,1), (3,2), (5,3), (4,1), (2,2), (1,4), (3,5), (5,4), (4,2), (2,1), (1,3), (2,5), (3,3), (4,5), (2,4), (1,2), (3,1), (5,2), (4,4), (2,3), (1,5), (3,4), (5,5), (4,3), (5,1))
List((1,1), (3,2), (5,3), (4,1), (2,2), (1,4), (3,5), (5,4), (4,2), (2,1), (1,3), (2,5), (4,4), (5,2), (3,3), (4,5), (2,4), (1,2), (3,1), (2,3), (1,5), (3,4), (5,5), (4,3), (5,1))
List((1,1), (3,2), (5,3), (4,1), (2,2), (1,4), (3,3), (4,5), (2,4), (1,2), (3,1), (5,2), (4,4), (2,5), (1,3), (2,1), (4,2), (5,4), (3,5), (2,3), (1,5), (3,4), (5,5), (4,3), (5,1))
List((1,1), (3,2), (4,4), (2,5), (1,3), (2,1), (4,2), (5,4), (3,5), (1,4), (2,2), (4,1), (5,3), (4,5), (2,4), (1,2), (3,3), (5,2), (3,1), (2,3), (1,5), (3,4), (5,5), (4,3), (5,1))
List((1,1), (3,2), (4,4), (2,5), (1,3), (2,1), (4,2), (5,4), (3,3), (5,2), (3,1), (1,2), (2,4), (4,5), (5,3), (4,1), (2,2), (1,4), (3,5), (2,3), (1,5), (3,4), (5,5), (4,3), (5,1))
List((1,1), (3,2), (4,4), (2,5), (1,3), (2,1), (3,3), (5,2), (3,1), (1,2), (2,4), (4,5), (5,3), (4,1), (2,2), (1,4), (3,5), (5,4), (4,2), (2,3), (1,5), (3,4), (5,5), (4,3), (5,1))
List((1,1), (3,2), (4,4), (5,2), (3,3), (2,5), (1,3), (2,1), (4,2), (5,4), (3,5), (1,4), (2,2), (4,1), (5,3), (4,5), (2,4), (1,2), (3,1), (2,3), (1,5), (3,4), (5,5), (4,3), (5,1))
List((1,1), (3,2), (4,4), (5,2), (3,1), (1,2), (2,4), (4,5), (5,3), (4,1), (2,2), (1,4), (3,5), (5,4), (3,3), (2,5), (1,3), (2,1), (4,2), (2,3), (1,5), (3,4), (5,5), (4,3), (5,1))
List((1,1), (3,2), (4,4), (5,2), (3,1), (1,2), (2,4), (4,5), (5,3), (4,1), (2,2), (1,4), (3,3), (2,5), (1,3), (2,1), (4,2), (5,4), (3,5), (2,3), (1,5), (3,4), (5,5), (4,3), (5,1))
List((1,1), (3,2), (2,4), (4,5), (5,3), (4,1), (2,2), (1,4), (3,5), (5,4), (3,3), (1,2), (3,1), (5,2), (4,4), (2,5), (1,3), (2,1), (4,2), (2,3), (1,5), (3,4), (5,5), (4,3), (5,1))
List((1,1), (3,2), (2,4), (4,5), (5,3), (4,1), (2,2), (1,4), (3,5), (5,4), (4,2), (2,1), (1,3), (2,5), (3,3), (1,2), (3,1), (5,2), (4,4), (2,3), (1,5), (3,4), (5,5), (4,3), (5,1))
List((1,1), (3,2), (2,4), (4,5), (5,3), (4,1), (2,2), (1,4), (3,5), (5,4), (4,2), (2,1), (1,3), (2,5), (4,4), (5,2), (3,3), (1,2), (3,1), (2,3), (1,5), (3,4), (5,5), (4,3), (5,1))
List((1,1), (3,2), (2,4), (4,5), (5,3), (4,1), (2,2), (1,4), (3,3), (1,2), (3,1), (5,2), (4,4), (2,5), (1,3), (2,1), (4,2), (5,4), (3,5), (2,3), (1,5), (3,4), (5,5), (4,3), (5,1))
List((1,1), (3,2), (2,4), (1,2), (3,3), (4,5), (5,3), (4,1), (2,2), (1,4), (3,5), (5,4), (4,2), (2,1), (1,3), (2,5), (4,4), (5,2), (3,1), (2,3), (1,5), (3,4), (5,5), (4,3), (5,1))
List((1,1), (3,2), (2,4), (1,2), (3,1), (5,2), (4,4), (2,5), (1,3), (2,1), (4,2), (5,4), (3,3), (4,5), (5,3), (4,1), (2,2), (1,4), (3,5), (2,3), (1,5), (3,4), (5,5), (4,3), (5,1))
List((1,1), (3,2), (2,4), (1,2), (3,1), (5,2), (4,4), (2,5), (1,3), (2,1), (3,3), (4,5), (5,3), (4,1), (2,2), (1,4), (3,5), (5,4), (4,2), (2,3), (1,5), (3,4), (5,5), (4,3), (5,1))
List((1,1), (3,2), (2,4), (1,2), (3,1), (5,2), (3,3), (4,5), (5,3), (4,1), (2,2), (1,4), (3,5), (5,4), (4,2), (2,1), (1,3), (2,5), (4,4), (2,3), (1,5), (3,4), (5,5), (4,3), (5,1))
List((1,1), (3,2), (1,3), (2,5), (3,3), (2,1), (4,2), (5,4), (3,5), (1,4), (2,2), (4,1), (5,3), (4,5), (2,4), (1,2), (3,1), (5,2), (4,4), (2,3), (1,5), (3,4), (5,5), (4,3), (5,1))
List((1,1), (3,2), (1,3), (2,5), (4,4), (5,2), (3,3), (2,1), (4,2), (5,4), (3,5), (1,4), (2,2), (4,1), (5,3), (4,5), (2,4), (1,2), (3,1), (2,3), (1,5), (3,4), (5,5), (4,3), (5,1))
List((1,1), (3,2), (1,3), (2,5), (4,4), (5,2), (3,1), (1,2), (2,4), (4,5), (5,3), (4,1), (2,2), (1,4), (3,5), (5,4), (3,3), (2,1), (4,2), (2,3), (1,5), (3,4), (5,5), (4,3), (5,1))
List((1,1), (3,2), (1,3), (2,5), (4,4), (5,2), (3,1), (1,2), (2,4), (4,5), (5,3), (4,1), (2,2), (1,4), (3,3), (2,1), (4,2), (5,4), (3,5), (2,3), (1,5), (3,4), (5,5), (4,3), (5,1))
List((1,1), (3,2), (1,3), (2,1), (4,2), (5,4), (3,5), (1,4), (2,2), (4,1), (5,3), (4,5), (2,4), (1,2), (3,3), (2,5), (4,4), (5,2), (3,1), (2,3), (1,5), (3,4), (5,5), (4,3), (5,1))
List((1,1), (3,2), (1,3), (2,1), (4,2), (5,4), (3,5), (1,4), (2,2), (4,1), (5,3), (4,5), (2,4), (1,2), (3,1), (5,2), (3,3), (2,5), (4,4), (2,3), (1,5), (3,4), (5,5), (4,3), (5,1))
List((1,1), (3,2), (1,3), (2,1), (4,2), (5,4), (3,3), (2,5), (4,4), (5,2), (3,1), (1,2), (2,4), (4,5), (5,3), (4,1), (2,2), (1,4), (3,5), (2,3), (1,5), (3,4), (5,5), (4,3), (5,1))
List((1,1), (3,2), (1,3), (2,1), (3,3), (2,5), (4,4), (5,2), (3,1), (1,2), (2,4), (4,5), (5,3), (4,1), (2,2), (1,4), (3,5), (5,4), (4,2), (2,3), (1,5), (3,4), (5,5), (4,3), (5,1))
List((1,1), (3,2), (5,1), (4,3), (5,5), (3,4), (1,5), (2,3), (4,4), (2,5), (1,3), (2,1), (4,2), (5,4), (3,5), (1,4), (2,2), (4,1), (5,3), (4,5), (2,4), (1,2), (3,3), (5,2), (3,1))
List((1,1), (3,2), (5,1), (4,3), (5,5), (3,4), (1,5), (2,3), (4,4), (2,5), (1,3), (2,1), (4,2), (5,4), (3,5), (1,4), (2,2), (4,1), (5,3), (4,5), (2,4), (1,2), (3,1), (5,2), (3,3))
List((1,1), (3,2), (5,1), (4,3), (5,5), (3,4), (1,5), (2,3), (4,4), (2,5), (1,3), (2,1), (4,2), (5,4), (3,5), (1,4), (2,2), (4,1), (5,3), (4,5), (3,3), (5,2), (3,1), (1,2), (2,4))
List((1,1), (3,2), (5,1), (4,3), (5,5), (3,4), (1,5), (2,3), (4,4), (2,5), (1,3), (2,1), (4,2), (5,4), (3,5), (1,4), (2,2), (4,1), (3,3), (5,2), (3,1), (1,2), (2,4), (4,5), (5,3))
List((1,1), (3,2), (5,1), (4,3), (5,5), (3,4), (1,5), (2,3), (4,4), (2,5), (1,3), (2,1), (4,2), (5,4), (3,5), (1,4), (3,3), (5,2), (3,1), (1,2), (2,4), (4,5), (5,3), (4,1), (2,2))
List((1,1), (3,2), (5,1), (4,3), (5,5), (3,4), (1,5), (2,3), (4,4), (2,5), (1,3), (2,1), (4,2), (5,4), (3,3), (5,2), (3,1), (1,2), (2,4), (4,5), (5,3), (4,1), (2,2), (1,4), (3,5))
List((1,1), (3,2), (5,1), (4,3), (5,5), (3,4), (1,5), (2,3), (4,4), (2,5), (1,3), (2,1), (3,3), (5,2), (3,1), (1,2), (2,4), (4,5), (5,3), (4,1), (2,2), (1,4), (3,5), (5,4), (4,2))
List((1,1), (3,2), (5,1), (4,3), (5,5), (3,4), (1,5), (2,3), (4,4), (2,5), (3,3), (5,2), (3,1), (1,2), (2,4), (4,5), (5,3), (4,1), (2,2), (1,4), (3,5), (5,4), (4,2), (2,1), (1,3))
List((1,1), (3,2), (5,1), (4,3), (5,5), (3,4), (1,5), (2,3), (4,4), (5,2), (3,3), (2,5), (1,3), (2,1), (4,2), (5,4), (3,5), (1,4), (2,2), (4,1), (5,3), (4,5), (2,4), (1,2), (3,1))
List((1,1), (3,2), (5,1), (4,3), (5,5), (3,4), (1,5), (2,3), (4,4), (5,2), (3,1), (1,2), (3,3), (2,5), (1,3), (2,1), (4,2), (5,4), (3,5), (1,4), (2,2), (4,1), (5,3), (4,5), (2,4))
List((1,1), (3,2), (5,1), (4,3), (5,5), (3,4), (1,5), (2,3), (4,4), (5,2), (3,1), (1,2), (2,4), (4,5), (3,3), (2,5), (1,3), (2,1), (4,2), (5,4), (3,5), (1,4), (2,2), (4,1), (5,3))
List((1,1), (3,2), (5,1), (4,3), (5,5), (3,4), (1,5), (2,3), (4,4), (5,2), (3,1), (1,2), (2,4), (4,5), (5,3), (4,1), (3,3), (2,5), (1,3), (2,1), (4,2), (5,4), (3,5), (1,4), (2,2))
List((1,1), (3,2), (5,1), (4,3), (5,5), (3,4), (1,5), (2,3), (4,4), (5,2), (3,1), (1,2), (2,4), (4,5), (5,3), (4,1), (2,2), (1,4), (3,5), (5,4), (3,3), (2,5), (1,3), (2,1), (4,2))
List((1,1), (3,2), (5,1), (4,3), (5,5), (3,4), (1,5), (2,3), (4,4), (5,2), (3,1), (1,2), (2,4), (4,5), (5,3), (4,1), (2,2), (1,4), (3,5), (5,4), (4,2), (2,1), (3,3), (2,5), (1,3))
List((1,1), (3,2), (5,1), (4,3), (5,5), (3,4), (1,5), (2,3), (4,4), (5,2), (3,1), (1,2), (2,4), (4,5), (5,3), (4,1), (2,2), (1,4), (3,5), (5,4), (4,2), (2,1), (1,3), (2,5), (3,3))
List((1,1), (3,2), (5,1), (4,3), (5,5), (3,4), (1,5), (2,3), (4,4), (5,2), (3,1), (1,2), (2,4), (4,5), (5,3), (4,1), (2,2), (1,4), (3,3), (2,5), (1,3), (2,1), (4,2), (5,4), (3,5))
List((1,1), (3,2), (5,1), (4,3), (5,5), (3,4), (1,5), (2,3), (3,5), (1,4), (2,2), (4,1), (5,3), (4,5), (2,4), (1,2), (3,3), (5,4), (4,2), (2,1), (1,3), (2,5), (4,4), (5,2), (3,1))
List((1,1), (3,2), (5,1), (4,3), (5,5), (3,4), (1,5), (2,3), (3,5), (1,4), (2,2), (4,1), (5,3), (4,5), (2,4), (1,2), (3,1), (5,2), (4,4), (2,5), (1,3), (2,1), (4,2), (5,4), (3,3))
List((1,1), (3,2), (5,1), (4,3), (5,5), (3,4), (1,5), (2,3), (3,5), (1,4), (2,2), (4,1), (5,3), (4,5), (2,4), (1,2), (3,1), (5,2), (4,4), (2,5), (1,3), (2,1), (3,3), (5,4), (4,2))
List((1,1), (3,2), (5,1), (4,3), (5,5), (3,4), (1,5), (2,3), (3,5), (1,4), (2,2), (4,1), (5,3), (4,5), (2,4), (1,2), (3,1), (5,2), (4,4), (2,5), (3,3), (5,4), (4,2), (2,1), (1,3))
List((1,1), (3,2), (5,1), (4,3), (5,5), (3,4), (1,5), (2,3), (3,5), (1,4), (2,2), (4,1), (5,3), (4,5), (2,4), (1,2), (3,1), (5,2), (3,3), (5,4), (4,2), (2,1), (1,3), (2,5), (4,4))
List((1,1), (3,2), (5,1), (4,3), (5,5), (3,4), (1,5), (2,3), (3,5), (1,4), (2,2), (4,1), (5,3), (4,5), (3,3), (5,4), (4,2), (2,1), (1,3), (2,5), (4,4), (5,2), (3,1), (1,2), (2,4))
List((1,1), (3,2), (5,1), (4,3), (5,5), (3,4), (1,5), (2,3), (3,5), (1,4), (2,2), (4,1), (3,3), (5,4), (4,2), (2,1), (1,3), (2,5), (4,4), (5,2), (3,1), (1,2), (2,4), (4,5), (5,3))
List((1,1), (3,2), (5,1), (4,3), (5,5), (3,4), (1,5), (2,3), (3,5), (1,4), (3,3), (5,4), (4,2), (2,1), (1,3), (2,5), (4,4), (5,2), (3,1), (1,2), (2,4), (4,5), (5,3), (4,1), (2,2))
List((1,1), (3,2), (5,1), (4,3), (5,5), (3,4), (1,5), (2,3), (3,5), (5,4), (3,3), (1,4), (2,2), (4,1), (5,3), (4,5), (2,4), (1,2), (3,1), (5,2), (4,4), (2,5), (1,3), (2,1), (4,2))
List((1,1), (3,2), (5,1), (4,3), (5,5), (3,4), (1,5), (2,3), (3,5), (5,4), (4,2), (2,1), (3,3), (1,4), (2,2), (4,1), (5,3), (4,5), (2,4), (1,2), (3,1), (5,2), (4,4), (2,5), (1,3))
List((1,1), (3,2), (5,1), (4,3), (5,5), (3,4), (1,5), (2,3), (3,5), (5,4), (4,2), (2,1), (1,3), (2,5), (3,3), (1,4), (2,2), (4,1), (5,3), (4,5), (2,4), (1,2), (3,1), (5,2), (4,4))
List((1,1), (3,2), (5,1), (4,3), (5,5), (3,4), (1,5), (2,3), (3,5), (5,4), (4,2), (2,1), (1,3), (2,5), (4,4), (5,2), (3,3), (1,4), (2,2), (4,1), (5,3), (4,5), (2,4), (1,2), (3,1))
List((1,1), (3,2), (5,1), (4,3), (5,5), (3,4), (1,5), (2,3), (3,5), (5,4), (4,2), (2,1), (1,3), (2,5), (4,4), (5,2), (3,1), (1,2), (3,3), (1,4), (2,2), (4,1), (5,3), (4,5), (2,4))
List((1,1), (3,2), (5,1), (4,3), (5,5), (3,4), (1,5), (2,3), (3,5), (5,4), (4,2), (2,1), (1,3), (2,5), (4,4), (5,2), (3,1), (1,2), (2,4), (4,5), (3,3), (1,4), (2,2), (4,1), (5,3))
List((1,1), (3,2), (5,1), (4,3), (5,5), (3,4), (1,5), (2,3), (3,5), (5,4), (4,2), (2,1), (1,3), (2,5), (4,4), (5,2), (3,1), (1,2), (2,4), (4,5), (5,3), (4,1), (3,3), (1,4), (2,2))
List((1,1), (3,2), (5,1), (4,3), (5,5), (3,4), (1,5), (2,3), (3,5), (5,4), (4,2), (2,1), (1,3), (2,5), (4,4), (5,2), (3,1), (1,2), (2,4), (4,5), (5,3), (4,1), (2,2), (1,4), (3,3))
List((1,1), (3,2), (5,1), (4,3), (5,5), (3,4), (1,5), (2,3), (3,1), (5,2), (4,4), (2,5), (1,3), (2,1), (4,2), (5,4), (3,5), (1,4), (2,2), (4,1), (5,3), (4,5), (2,4), (1,2), (3,3))
List((1,1), (3,2), (5,1), (4,3), (5,5), (3,4), (1,5), (2,3), (3,1), (5,2), (4,4), (2,5), (1,3), (2,1), (4,2), (5,4), (3,5), (1,4), (2,2), (4,1), (5,3), (4,5), (3,3), (1,2), (2,4))
List((1,1), (3,2), (5,1), (4,3), (5,5), (3,4), (1,5), (2,3), (3,1), (5,2), (4,4), (2,5), (1,3), (2,1), (4,2), (5,4), (3,5), (1,4), (2,2), (4,1), (3,3), (1,2), (2,4), (4,5), (5,3))
List((1,1), (3,2), (5,1), (4,3), (5,5), (3,4), (1,5), (2,3), (3,1), (5,2), (4,4), (2,5), (1,3), (2,1), (4,2), (5,4), (3,5), (1,4), (3,3), (1,2), (2,4), (4,5), (5,3), (4,1), (2,2))
List((1,1), (3,2), (5,1), (4,3), (5,5), (3,4), (1,5), (2,3), (3,1), (5,2), (4,4), (2,5), (1,3), (2,1), (4,2), (5,4), (3,3), (1,2), (2,4), (4,5), (5,3), (4,1), (2,2), (1,4), (3,5))
List((1,1), (3,2), (5,1), (4,3), (5,5), (3,4), (1,5), (2,3), (3,1), (5,2), (4,4), (2,5), (1,3), (2,1), (3,3), (1,2), (2,4), (4,5), (5,3), (4,1), (2,2), (1,4), (3,5), (5,4), (4,2))
List((1,1), (3,2), (5,1), (4,3), (5,5), (3,4), (1,5), (2,3), (3,1), (5,2), (4,4), (2,5), (3,3), (1,2), (2,4), (4,5), (5,3), (4,1), (2,2), (1,4), (3,5), (5,4), (4,2), (2,1), (1,3))
List((1,1), (3,2), (5,1), (4,3), (5,5), (3,4), (1,5), (2,3), (3,1), (5,2), (3,3), (1,2), (2,4), (4,5), (5,3), (4,1), (2,2), (1,4), (3,5), (5,4), (4,2), (2,1), (1,3), (2,5), (4,4))
List((1,1), (3,2), (5,1), (4,3), (5,5), (3,4), (1,5), (2,3), (3,1), (1,2), (3,3), (5,2), (4,4), (2,5), (1,3), (2,1), (4,2), (5,4), (3,5), (1,4), (2,2), (4,1), (5,3), (4,5), (2,4))
List((1,1), (3,2), (5,1), (4,3), (5,5), (3,4), (1,5), (2,3), (3,1), (1,2), (2,4), (4,5), (3,3), (5,2), (4,4), (2,5), (1,3), (2,1), (4,2), (5,4), (3,5), (1,4), (2,2), (4,1), (5,3))
List((1,1), (3,2), (5,1), (4,3), (5,5), (3,4), (1,5), (2,3), (3,1), (1,2), (2,4), (4,5), (5,3), (4,1), (3,3), (5,2), (4,4), (2,5), (1,3), (2,1), (4,2), (5,4), (3,5), (1,4), (2,2))
List((1,1), (3,2), (5,1), (4,3), (5,5), (3,4), (1,5), (2,3), (3,1), (1,2), (2,4), (4,5), (5,3), (4,1), (2,2), (1,4), (3,5), (5,4), (3,3), (5,2), (4,4), (2,5), (1,3), (2,1), (4,2))
List((1,1), (3,2), (5,1), (4,3), (5,5), (3,4), (1,5), (2,3), (3,1), (1,2), (2,4), (4,5), (5,3), (4,1), (2,2), (1,4), (3,5), (5,4), (4,2), (2,1), (3,3), (5,2), (4,4), (2,5), (1,3))
List((1,1), (3,2), (5,1), (4,3), (5,5), (3,4), (1,5), (2,3), (3,1), (1,2), (2,4), (4,5), (5,3), (4,1), (2,2), (1,4), (3,5), (5,4), (4,2), (2,1), (1,3), (2,5), (3,3), (5,2), (4,4))
List((1,1), (3,2), (5,1), (4,3), (5,5), (3,4), (1,5), (2,3), (3,1), (1,2), (2,4), (4,5), (5,3), (4,1), (2,2), (1,4), (3,5), (5,4), (4,2), (2,1), (1,3), (2,5), (4,4), (5,2), (3,3))
List((1,1), (3,2), (5,1), (4,3), (5,5), (3,4), (1,5), (2,3), (3,1), (1,2), (2,4), (4,5), (5,3), (4,1), (2,2), (1,4), (3,3), (5,2), (4,4), (2,5), (1,3), (2,1), (4,2), (5,4), (3,5))
List((1,1), (3,2), (5,1), (4,3), (5,5), (3,4), (1,5), (2,3), (4,2), (5,4), (3,5), (1,4), (2,2), (4,1), (5,3), (4,5), (2,4), (1,2), (3,3), (2,1), (1,3), (2,5), (4,4), (5,2), (3,1))
List((1,1), (3,2), (5,1), (4,3), (5,5), (3,4), (1,5), (2,3), (4,2), (5,4), (3,5), (1,4), (2,2), (4,1), (5,3), (4,5), (2,4), (1,2), (3,1), (5,2), (4,4), (2,5), (1,3), (2,1), (3,3))
List((1,1), (3,2), (5,1), (4,3), (5,5), (3,4), (1,5), (2,3), (4,2), (5,4), (3,5), (1,4), (2,2), (4,1), (5,3), (4,5), (2,4), (1,2), (3,1), (5,2), (4,4), (2,5), (3,3), (2,1), (1,3))
List((1,1), (3,2), (5,1), (4,3), (5,5), (3,4), (1,5), (2,3), (4,2), (5,4), (3,5), (1,4), (2,2), (4,1), (5,3), (4,5), (2,4), (1,2), (3,1), (5,2), (3,3), (2,1), (1,3), (2,5), (4,4))
List((1,1), (3,2), (5,1), (4,3), (5,5), (3,4), (1,5), (2,3), (4,2), (5,4), (3,5), (1,4), (2,2), (4,1), (5,3), (4,5), (3,3), (2,1), (1,3), (2,5), (4,4), (5,2), (3,1), (1,2), (2,4))
List((1,1), (3,2), (5,1), (4,3), (5,5), (3,4), (1,5), (2,3), (4,2), (5,4), (3,5), (1,4), (2,2), (4,1), (3,3), (2,1), (1,3), (2,5), (4,4), (5,2), (3,1), (1,2), (2,4), (4,5), (5,3))
List((1,1), (3,2), (5,1), (4,3), (5,5), (3,4), (1,5), (2,3), (4,2), (5,4), (3,5), (1,4), (3,3), (2,1), (1,3), (2,5), (4,4), (5,2), (3,1), (1,2), (2,4), (4,5), (5,3), (4,1), (2,2))
List((1,1), (3,2), (5,1), (4,3), (5,5), (3,4), (1,5), (2,3), (4,2), (5,4), (3,3), (2,1), (1,3), (2,5), (4,4), (5,2), (3,1), (1,2), (2,4), (4,5), (5,3), (4,1), (2,2), (1,4), (3,5))
List((1,1), (3,2), (5,1), (4,3), (5,5), (3,4), (1,5), (2,3), (4,2), (2,1), (3,3), (5,4), (3,5), (1,4), (2,2), (4,1), (5,3), (4,5), (2,4), (1,2), (3,1), (5,2), (4,4), (2,5), (1,3))
List((1,1), (3,2), (5,1), (4,3), (5,5), (3,4), (1,5), (2,3), (4,2), (2,1), (1,3), (2,5), (3,3), (5,4), (3,5), (1,4), (2,2), (4,1), (5,3), (4,5), (2,4), (1,2), (3,1), (5,2), (4,4))
List((1,1), (3,2), (5,1), (4,3), (5,5), (3,4), (1,5), (2,3), (4,2), (2,1), (1,3), (2,5), (4,4), (5,2), (3,3), (5,4), (3,5), (1,4), (2,2), (4,1), (5,3), (4,5), (2,4), (1,2), (3,1))
List((1,1), (3,2), (5,1), (4,3), (5,5), (3,4), (1,5), (2,3), (4,2), (2,1), (1,3), (2,5), (4,4), (5,2), (3,1), (1,2), (3,3), (5,4), (3,5), (1,4), (2,2), (4,1), (5,3), (4,5), (2,4))
List((1,1), (3,2), (5,1), (4,3), (5,5), (3,4), (1,5), (2,3), (4,2), (2,1), (1,3), (2,5), (4,4), (5,2), (3,1), (1,2), (2,4), (4,5), (3,3), (5,4), (3,5), (1,4), (2,2), (4,1), (5,3))
List((1,1), (3,2), (5,1), (4,3), (5,5), (3,4), (1,5), (2,3), (4,2), (2,1), (1,3), (2,5), (4,4), (5,2), (3,1), (1,2), (2,4), (4,5), (5,3), (4,1), (3,3), (5,4), (3,5), (1,4), (2,2))
List((1,1), (3,2), (5,1), (4,3), (5,5), (3,4), (1,5), (2,3), (4,2), (2,1), (1,3), (2,5), (4,4), (5,2), (3,1), (1,2), (2,4), (4,5), (5,3), (4,1), (2,2), (1,4), (3,5), (5,4), (3,3))
List((1,1), (3,2), (5,1), (4,3), (5,5), (3,4), (1,5), (2,3), (4,2), (2,1), (1,3), (2,5), (4,4), (5,2), (3,1), (1,2), (2,4), (4,5), (5,3), (4,1), (2,2), (1,4), (3,3), (5,4), (3,5))
List((1,1), (3,2), (5,1), (4,3), (5,5), (3,4), (1,3), (2,5), (3,3), (2,1), (4,2), (5,4), (3,5), (1,4), (2,2), (4,1), (5,3), (4,5), (2,4), (1,2), (3,1), (5,2), (4,4), (2,3), (1,5))
List((1,1), (3,2), (5,1), (4,3), (5,5), (3,4), (1,3), (2,5), (4,4), (5,2), (3,3), (2,1), (4,2), (5,4), (3,5), (1,4), (2,2), (4,1), (5,3), (4,5), (2,4), (1,2), (3,1), (2,3), (1,5))
List((1,1), (3,2), (5,1), (4,3), (5,5), (3,4), (1,3), (2,5), (4,4), (5,2), (3,1), (1,2), (2,4), (4,5), (5,3), (4,1), (2,2), (1,4), (3,5), (5,4), (3,3), (2,1), (4,2), (2,3), (1,5))
List((1,1), (3,2), (5,1), (4,3), (5,5), (3,4), (1,3), (2,5), (4,4), (5,2), (3,1), (1,2), (2,4), (4,5), (5,3), (4,1), (2,2), (1,4), (3,3), (2,1), (4,2), (5,4), (3,5), (2,3), (1,5))
List((1,1), (3,2), (5,1), (4,3), (5,5), (3,4), (1,3), (2,1), (4,2), (5,4), (3,5), (1,4), (2,2), (4,1), (5,3), (4,5), (2,4), (1,2), (3,3), (2,5), (4,4), (5,2), (3,1), (2,3), (1,5))
List((1,1), (3,2), (5,1), (4,3), (5,5), (3,4), (1,3), (2,1), (4,2), (5,4), (3,5), (1,4), (2,2), (4,1), (5,3), (4,5), (2,4), (1,2), (3,1), (5,2), (3,3), (2,5), (4,4), (2,3), (1,5))
List((1,1), (3,2), (5,1), (4,3), (5,5), (3,4), (1,3), (2,1), (4,2), (5,4), (3,3), (2,5), (4,4), (5,2), (3,1), (1,2), (2,4), (4,5), (5,3), (4,1), (2,2), (1,4), (3,5), (2,3), (1,5))
List((1,1), (3,2), (5,1), (4,3), (5,5), (3,4), (1,3), (2,1), (3,3), (2,5), (4,4), (5,2), (3,1), (1,2), (2,4), (4,5), (5,3), (4,1), (2,2), (1,4), (3,5), (5,4), (4,2), (2,3), (1,5))
List((1,1), (3,2), (5,1), (4,3), (5,5), (3,4), (2,2), (1,4), (3,5), (5,4), (3,3), (4,1), (5,3), (4,5), (2,4), (1,2), (3,1), (5,2), (4,4), (2,5), (1,3), (2,1), (4,2), (2,3), (1,5))
List((1,1), (3,2), (5,1), (4,3), (5,5), (3,4), (2,2), (1,4), (3,5), (5,4), (4,2), (2,1), (1,3), (2,5), (3,3), (4,1), (5,3), (4,5), (2,4), (1,2), (3,1), (5,2), (4,4), (2,3), (1,5))
List((1,1), (3,2), (5,1), (4,3), (5,5), (3,4), (2,2), (1,4), (3,5), (5,4), (4,2), (2,1), (1,3), (2,5), (4,4), (5,2), (3,3), (4,1), (5,3), (4,5), (2,4), (1,2), (3,1), (2,3), (1,5))
List((1,1), (3,2), (5,1), (4,3), (5,5), (3,4), (2,2), (1,4), (3,3), (4,1), (5,3), (4,5), (2,4), (1,2), (3,1), (5,2), (4,4), (2,5), (1,3), (2,1), (4,2), (5,4), (3,5), (2,3), (1,5))
List((1,1), (3,2), (5,1), (4,3), (5,5), (3,4), (2,2), (4,1), (5,3), (4,5), (2,4), (1,2), (3,3), (1,4), (3,5), (5,4), (4,2), (2,1), (1,3), (2,5), (4,4), (5,2), (3,1), (2,3), (1,5))
List((1,1), (3,2), (5,1), (4,3), (5,5), (3,4), (2,2), (4,1), (5,3), (4,5), (2,4), (1,2), (3,1), (5,2), (4,4), (2,5), (1,3), (2,1), (4,2), (5,4), (3,3), (1,4), (3,5), (2,3), (1,5))
List((1,1), (3,2), (5,1), (4,3), (5,5), (3,4), (2,2), (4,1), (5,3), (4,5), (2,4), (1,2), (3,1), (5,2), (4,4), (2,5), (1,3), (2,1), (3,3), (1,4), (3,5), (5,4), (4,2), (2,3), (1,5))
List((1,1), (3,2), (5,1), (4,3), (5,5), (3,4), (2,2), (4,1), (5,3), (4,5), (2,4), (1,2), (3,1), (5,2), (3,3), (1,4), (3,5), (5,4), (4,2), (2,1), (1,3), (2,5), (4,4), (2,3), (1,5))
List((1,1), (3,2), (5,1), (4,3), (5,5), (3,4), (4,2), (5,4), (3,5), (1,4), (2,2), (4,1), (5,3), (4,5), (2,4), (1,2), (3,3), (2,1), (1,3), (2,5), (4,4), (5,2), (3,1), (2,3), (1,5))
List((1,1), (3,2), (5,1), (4,3), (5,5), (3,4), (4,2), (5,4), (3,5), (1,4), (2,2), (4,1), (5,3), (4,5), (2,4), (1,2), (3,1), (5,2), (3,3), (2,1), (1,3), (2,5), (4,4), (2,3), (1,5))
List((1,1), (3,2), (5,1), (4,3), (5,5), (3,4), (4,2), (5,4), (3,3), (2,1), (1,3), (2,5), (4,4), (5,2), (3,1), (1,2), (2,4), (4,5), (5,3), (4,1), (2,2), (1,4), (3,5), (2,3), (1,5))
List((1,1), (3,2), (5,1), (4,3), (5,5), (3,4), (4,2), (2,1), (1,3), (2,5), (3,3), (5,4), (3,5), (1,4), (2,2), (4,1), (5,3), (4,5), (2,4), (1,2), (3,1), (5,2), (4,4), (2,3), (1,5))
List((1,1), (3,2), (5,1), (4,3), (5,5), (3,4), (4,2), (2,1), (1,3), (2,5), (4,4), (5,2), (3,3), (5,4), (3,5), (1,4), (2,2), (4,1), (5,3), (4,5), (2,4), (1,2), (3,1), (2,3), (1,5))
List((1,1), (3,2), (5,1), (4,3), (5,5), (3,4), (4,2), (2,1), (1,3), (2,5), (4,4), (5,2), (3,1), (1,2), (2,4), (4,5), (5,3), (4,1), (2,2), (1,4), (3,3), (5,4), (3,5), (2,3), (1,5))
List((1,1), (3,2), (5,1), (4,3), (5,5), (3,4), (5,3), (4,5), (2,4), (1,2), (3,3), (4,1), (2,2), (1,4), (3,5), (5,4), (4,2), (2,1), (1,3), (2,5), (4,4), (5,2), (3,1), (2,3), (1,5))
List((1,1), (3,2), (5,1), (4,3), (5,5), (3,4), (5,3), (4,5), (2,4), (1,2), (3,1), (5,2), (4,4), (2,5), (1,3), (2,1), (4,2), (5,4), (3,3), (4,1), (2,2), (1,4), (3,5), (2,3), (1,5))
List((1,1), (3,2), (5,1), (4,3), (5,5), (3,4), (5,3), (4,5), (2,4), (1,2), (3,1), (5,2), (4,4), (2,5), (1,3), (2,1), (3,3), (4,1), (2,2), (1,4), (3,5), (5,4), (4,2), (2,3), (1,5))
List((1,1), (3,2), (5,1), (4,3), (5,5), (3,4), (5,3), (4,5), (2,4), (1,2), (3,1), (5,2), (3,3), (4,1), (2,2), (1,4), (3,5), (5,4), (4,2), (2,1), (1,3), (2,5), (4,4), (2,3), (1,5))
List((1,1), (3,2), (5,1), (4,3), (5,5), (3,4), (5,3), (4,1), (2,2), (1,4), (3,5), (5,4), (3,3), (4,5), (2,4), (1,2), (3,1), (5,2), (4,4), (2,5), (1,3), (2,1), (4,2), (2,3), (1,5))
List((1,1), (3,2), (5,1), (4,3), (5,5), (3,4), (5,3), (4,1), (2,2), (1,4), (3,5), (5,4), (4,2), (2,1), (1,3), (2,5), (3,3), (4,5), (2,4), (1,2), (3,1), (5,2), (4,4), (2,3), (1,5))
List((1,1), (3,2), (5,1), (4,3), (5,5), (3,4), (5,3), (4,1), (2,2), (1,4), (3,5), (5,4), (4,2), (2,1), (1,3), (2,5), (4,4), (5,2), (3,3), (4,5), (2,4), (1,2), (3,1), (2,3), (1,5))
List((1,1), (3,2), (5,1), (4,3), (5,5), (3,4), (5,3), (4,1), (2,2), (1,4), (3,3), (4,5), (2,4), (1,2), (3,1), (5,2), (4,4), (2,5), (1,3), (2,1), (4,2), (5,4), (3,5), (2,3), (1,5))
List((1,1), (3,2), (5,1), (4,3), (3,5), (1,4), (2,2), (4,1), (5,3), (4,5), (2,4), (1,2), (3,3), (5,4), (4,2), (2,1), (1,3), (2,5), (4,4), (5,2), (3,1), (2,3), (1,5), (3,4), (5,5))
List((1,1), (3,2), (5,1), (4,3), (3,5), (1,4), (2,2), (4,1), (5,3), (4,5), (2,4), (1,2), (3,1), (5,2), (4,4), (2,5), (1,3), (2,1), (3,3), (5,4), (4,2), (2,3), (1,5), (3,4), (5,5))
List((1,1), (3,2), (5,1), (4,3), (3,5), (1,4), (2,2), (4,1), (5,3), (4,5), (2,4), (1,2), (3,1), (5,2), (3,3), (5,4), (4,2), (2,1), (1,3), (2,5), (4,4), (2,3), (1,5), (3,4), (5,5))
List((1,1), (3,2), (5,1), (4,3), (3,5), (5,4), (3,3), (1,4), (2,2), (4,1), (5,3), (4,5), (2,4), (1,2), (3,1), (5,2), (4,4), (2,5), (1,3), (2,1), (4,2), (2,3), (1,5), (3,4), (5,5))
List((1,1), (3,2), (5,1), (4,3), (3,5), (5,4), (4,2), (2,1), (1,3), (2,5), (3,3), (1,4), (2,2), (4,1), (5,3), (4,5), (2,4), (1,2), (3,1), (5,2), (4,4), (2,3), (1,5), (3,4), (5,5))
List((1,1), (3,2), (5,1), (4,3), (3,5), (5,4), (4,2), (2,1), (1,3), (2,5), (4,4), (5,2), (3,3), (1,4), (2,2), (4,1), (5,3), (4,5), (2,4), (1,2), (3,1), (2,3), (1,5), (3,4), (5,5))
List((1,1), (3,2), (5,1), (4,3), (2,4), (4,5), (5,3), (4,1), (2,2), (1,4), (3,5), (5,4), (3,3), (1,2), (3,1), (5,2), (4,4), (2,5), (1,3), (2,1), (4,2), (2,3), (1,5), (3,4), (5,5))
List((1,1), (3,2), (5,1), (4,3), (2,4), (4,5), (5,3), (4,1), (2,2), (1,4), (3,5), (5,4), (4,2), (2,1), (1,3), (2,5), (3,3), (1,2), (3,1), (5,2), (4,4), (2,3), (1,5), (3,4), (5,5))
List((1,1), (3,2), (5,1), (4,3), (2,4), (4,5), (5,3), (4,1), (2,2), (1,4), (3,5), (5,4), (4,2), (2,1), (1,3), (2,5), (4,4), (5,2), (3,3), (1,2), (3,1), (2,3), (1,5), (3,4), (5,5))
List((1,1), (3,2), (5,1), (4,3), (2,4), (4,5), (5,3), (4,1), (2,2), (1,4), (3,3), (1,2), (3,1), (5,2), (4,4), (2,5), (1,3), (2,1), (4,2), (5,4), (3,5), (2,3), (1,5), (3,4), (5,5))
List((1,1), (3,2), (5,1), (4,3), (2,4), (1,2), (3,3), (4,5), (5,3), (4,1), (2,2), (1,4), (3,5), (5,4), (4,2), (2,1), (1,3), (2,5), (4,4), (5,2), (3,1), (2,3), (1,5), (3,4), (5,5))
List((1,1), (3,2), (5,1), (4,3), (2,4), (1,2), (3,1), (5,2), (4,4), (2,5), (1,3), (2,1), (4,2), (5,4), (3,3), (4,5), (5,3), (4,1), (2,2), (1,4), (3,5), (2,3), (1,5), (3,4), (5,5))
List((1,1), (3,2), (5,1), (4,3), (2,4), (1,2), (3,1), (5,2), (4,4), (2,5), (1,3), (2,1), (3,3), (4,5), (5,3), (4,1), (2,2), (1,4), (3,5), (5,4), (4,2), (2,3), (1,5), (3,4), (5,5))
List((1,1), (3,2), (5,1), (4,3), (2,4), (1,2), (3,1), (5,2), (3,3), (4,5), (5,3), (4,1), (2,2), (1,4), (3,5), (5,4), (4,2), (2,1), (1,3), (2,5), (4,4), (2,3), (1,5), (3,4), (5,5))
List((1,1), (3,2), (5,1), (4,3), (2,2), (1,4), (3,5), (5,4), (3,3), (4,1), (5,3), (4,5), (2,4), (1,2), (3,1), (5,2), (4,4), (2,5), (1,3), (2,1), (4,2), (2,3), (1,5), (3,4), (5,5))
List((1,1), (3,2), (5,1), (4,3), (2,2), (1,4), (3,5), (5,4), (4,2), (2,1), (1,3), (2,5), (3,3), (4,1), (5,3), (4,5), (2,4), (1,2), (3,1), (5,2), (4,4), (2,3), (1,5), (3,4), (5,5))
List((1,1), (3,2), (5,1), (4,3), (2,2), (1,4), (3,5), (5,4), (4,2), (2,1), (1,3), (2,5), (4,4), (5,2), (3,3), (4,1), (5,3), (4,5), (2,4), (1,2), (3,1), (2,3), (1,5), (3,4), (5,5))
List((1,1), (3,2), (5,1), (4,3), (2,2), (1,4), (3,3), (4,1), (5,3), (4,5), (2,4), (1,2), (3,1), (5,2), (4,4), (2,5), (1,3), (2,1), (4,2), (5,4), (3,5), (2,3), (1,5), (3,4), (5,5))
List((1,1), (3,2), (5,1), (4,3), (2,2), (4,1), (5,3), (4,5), (2,4), (1,2), (3,3), (1,4), (3,5), (5,4), (4,2), (2,1), (1,3), (2,5), (4,4), (5,2), (3,1), (2,3), (1,5), (3,4), (5,5))
List((1,1), (3,2), (5,1), (4,3), (2,2), (4,1), (5,3), (4,5), (2,4), (1,2), (3,1), (5,2), (4,4), (2,5), (1,3), (2,1), (4,2), (5,4), (3,3), (1,4), (3,5), (2,3), (1,5), (3,4), (5,5))
List((1,1), (3,2), (5,1), (4,3), (2,2), (4,1), (5,3), (4,5), (2,4), (1,2), (3,1), (5,2), (4,4), (2,5), (1,3), (2,1), (3,3), (1,4), (3,5), (5,4), (4,2), (2,3), (1,5), (3,4), (5,5))
List((1,1), (3,2), (5,1), (4,3), (2,2), (4,1), (5,3), (4,5), (2,4), (1,2), (3,1), (5,2), (3,3), (1,4), (3,5), (5,4), (4,2), (2,1), (1,3), (2,5), (4,4), (2,3), (1,5), (3,4), (5,5))
List((1,1), (3,2), (5,1), (4,3), (3,1), (5,2), (4,4), (2,5), (1,3), (2,1), (4,2), (5,4), (3,3), (1,2), (2,4), (4,5), (5,3), (4,1), (2,2), (1,4), (3,5), (2,3), (1,5), (3,4), (5,5))
List((1,1), (3,2), (5,1), (4,3), (3,1), (5,2), (4,4), (2,5), (1,3), (2,1), (3,3), (1,2), (2,4), (4,5), (5,3), (4,1), (2,2), (1,4), (3,5), (5,4), (4,2), (2,3), (1,5), (3,4), (5,5))
List((1,1), (3,2), (5,1), (4,3), (3,1), (5,2), (3,3), (1,2), (2,4), (4,5), (5,3), (4,1), (2,2), (1,4), (3,5), (5,4), (4,2), (2,1), (1,3), (2,5), (4,4), (2,3), (1,5), (3,4), (5,5))
List((1,1), (3,2), (5,1), (4,3), (3,1), (1,2), (2,4), (4,5), (5,3), (4,1), (2,2), (1,4), (3,5), (5,4), (3,3), (5,2), (4,4), (2,5), (1,3), (2,1), (4,2), (2,3), (1,5), (3,4), (5,5))
List((1,1), (3,2), (5,1), (4,3), (3,1), (1,2), (2,4), (4,5), (5,3), (4,1), (2,2), (1,4), (3,5), (5,4), (4,2), (2,1), (1,3), (2,5), (3,3), (5,2), (4,4), (2,3), (1,5), (3,4), (5,5))
List((1,1), (3,2), (5,1), (4,3), (3,1), (1,2), (2,4), (4,5), (5,3), (4,1), (2,2), (1,4), (3,3), (5,2), (4,4), (2,5), (1,3), (2,1), (4,2), (5,4), (3,5), (2,3), (1,5), (3,4), (5,5))
114,133,141,178,473,483,483,485,522,533,554,612,652,652,703,704,704,705,713,725,726,734,833,864,879,879,883,883,893,928,938,938,938,938,938,938,938,938,939,939,939,939,939,939,939,939,939,939,939,939,939,939,939,939,940,940,940,940,940,940,940,940,940,940,940,940,940,940,940,940,941,941,941,941,941,941,941,941,941,941,941,941,941,941,941,941,942,942,942,942,942,942,942,942,943,944,945,945,945,945,946,948,949,950,950,951,951,952,952,952,954,954,955,958,958,959,959,959,959,960,963,964,964,964,969,969,969,991,1003,1004,1024,1025,1025,1025,1028,1033,1034,1039,1063,1067,1067,1069,1070,1070,1070,1071,1077,1078,1083,1095,1095,1095
              
neighbour: (2,3), 152 paths 
 ==> 1129 ms
List((1,1), (2,3), (4,4), (2,5), (1,3), (2,1), (4,2), (5,4), (3,5), (1,4), (2,2), (4,1), (5,3), (4,5), (3,3), (5,2), (3,1), (1,2), (2,4), (3,2), (5,1), (4,3), (5,5), (3,4), (1,5))
List((1,1), (2,3), (4,4), (2,5), (1,3), (2,1), (4,2), (5,4), (3,5), (1,4), (2,2), (4,1), (3,3), (5,2), (3,1), (1,2), (2,4), (4,5), (5,3), (3,2), (5,1), (4,3), (5,5), (3,4), (1,5))
List((1,1), (2,3), (4,4), (2,5), (3,3), (5,2), (3,1), (1,2), (2,4), (4,5), (5,3), (4,1), (2,2), (1,4), (3,5), (5,4), (4,2), (2,1), (1,3), (3,2), (5,1), (4,3), (5,5), (3,4), (1,5))
List((1,1), (2,3), (4,4), (5,2), (3,1), (1,2), (3,3), (2,5), (1,3), (2,1), (4,2), (5,4), (3,5), (1,4), (2,2), (4,1), (5,3), (4,5), (2,4), (3,2), (5,1), (4,3), (5,5), (3,4), (1,5))
List((1,1), (2,3), (4,4), (5,2), (3,1), (1,2), (2,4), (4,5), (3,3), (2,5), (1,3), (2,1), (4,2), (5,4), (3,5), (1,4), (2,2), (4,1), (5,3), (3,2), (5,1), (4,3), (5,5), (3,4), (1,5))
List((1,1), (2,3), (4,4), (5,2), (3,1), (1,2), (2,4), (4,5), (5,3), (4,1), (2,2), (1,4), (3,5), (5,4), (4,2), (2,1), (3,3), (2,5), (1,3), (3,2), (5,1), (4,3), (5,5), (3,4), (1,5))
List((1,1), (2,3), (3,5), (1,4), (2,2), (4,1), (5,3), (4,5), (2,4), (1,2), (3,1), (5,2), (4,4), (2,5), (3,3), (5,4), (4,2), (2,1), (1,3), (3,2), (5,1), (4,3), (5,5), (3,4), (1,5))
List((1,1), (2,3), (3,5), (1,4), (2,2), (4,1), (5,3), (4,5), (2,4), (1,2), (3,1), (5,2), (3,3), (5,4), (4,2), (2,1), (1,3), (2,5), (4,4), (3,2), (5,1), (4,3), (5,5), (3,4), (1,5))
List((1,1), (2,3), (3,5), (1,4), (2,2), (4,1), (5,3), (4,5), (3,3), (5,4), (4,2), (2,1), (1,3), (2,5), (4,4), (5,2), (3,1), (1,2), (2,4), (3,2), (5,1), (4,3), (5,5), (3,4), (1,5))
List((1,1), (2,3), (3,5), (1,4), (2,2), (4,1), (3,3), (5,4), (4,2), (2,1), (1,3), (2,5), (4,4), (5,2), (3,1), (1,2), (2,4), (4,5), (5,3), (3,2), (5,1), (4,3), (5,5), (3,4), (1,5))
List((1,1), (2,3), (3,5), (5,4), (4,2), (2,1), (3,3), (1,4), (2,2), (4,1), (5,3), (4,5), (2,4), (1,2), (3,1), (5,2), (4,4), (2,5), (1,3), (3,2), (5,1), (4,3), (5,5), (3,4), (1,5))
List((1,1), (2,3), (3,5), (5,4), (4,2), (2,1), (1,3), (2,5), (3,3), (1,4), (2,2), (4,1), (5,3), (4,5), (2,4), (1,2), (3,1), (5,2), (4,4), (3,2), (5,1), (4,3), (5,5), (3,4), (1,5))
List((1,1), (2,3), (3,5), (5,4), (4,2), (2,1), (1,3), (2,5), (4,4), (5,2), (3,1), (1,2), (3,3), (1,4), (2,2), (4,1), (5,3), (4,5), (2,4), (3,2), (5,1), (4,3), (5,5), (3,4), (1,5))
List((1,1), (2,3), (3,5), (5,4), (4,2), (2,1), (1,3), (2,5), (4,4), (5,2), (3,1), (1,2), (2,4), (4,5), (3,3), (1,4), (2,2), (4,1), (5,3), (3,2), (5,1), (4,3), (5,5), (3,4), (1,5))
List((1,1), (2,3), (1,5), (3,4), (5,5), (4,3), (3,5), (1,4), (2,2), (4,1), (5,3), (4,5), (2,4), (1,2), (3,1), (5,2), (4,4), (2,5), (3,3), (5,4), (4,2), (2,1), (1,3), (3,2), (5,1))
List((1,1), (2,3), (1,5), (3,4), (5,5), (4,3), (3,5), (1,4), (2,2), (4,1), (5,3), (4,5), (2,4), (1,2), (3,1), (5,2), (3,3), (5,4), (4,2), (2,1), (1,3), (2,5), (4,4), (3,2), (5,1))
List((1,1), (2,3), (1,5), (3,4), (5,5), (4,3), (3,5), (1,4), (2,2), (4,1), (5,3), (4,5), (3,3), (5,4), (4,2), (2,1), (1,3), (2,5), (4,4), (5,2), (3,1), (1,2), (2,4), (3,2), (5,1))
List((1,1), (2,3), (1,5), (3,4), (5,5), (4,3), (3,5), (1,4), (2,2), (4,1), (3,3), (5,4), (4,2), (2,1), (1,3), (2,5), (4,4), (5,2), (3,1), (1,2), (2,4), (4,5), (5,3), (3,2), (5,1))
List((1,1), (2,3), (1,5), (3,4), (5,5), (4,3), (3,5), (5,4), (4,2), (2,1), (3,3), (1,4), (2,2), (4,1), (5,3), (4,5), (2,4), (1,2), (3,1), (5,2), (4,4), (2,5), (1,3), (3,2), (5,1))
List((1,1), (2,3), (1,5), (3,4), (5,5), (4,3), (3,5), (5,4), (4,2), (2,1), (1,3), (2,5), (3,3), (1,4), (2,2), (4,1), (5,3), (4,5), (2,4), (1,2), (3,1), (5,2), (4,4), (3,2), (5,1))
List((1,1), (2,3), (1,5), (3,4), (5,5), (4,3), (3,5), (5,4), (4,2), (2,1), (1,3), (2,5), (4,4), (5,2), (3,1), (1,2), (3,3), (1,4), (2,2), (4,1), (5,3), (4,5), (2,4), (3,2), (5,1))
List((1,1), (2,3), (1,5), (3,4), (5,5), (4,3), (3,5), (5,4), (4,2), (2,1), (1,3), (2,5), (4,4), (5,2), (3,1), (1,2), (2,4), (4,5), (3,3), (1,4), (2,2), (4,1), (5,3), (3,2), (5,1))
List((1,1), (2,3), (1,5), (3,4), (5,5), (4,3), (2,4), (4,5), (3,3), (1,2), (3,1), (5,2), (4,4), (2,5), (1,3), (2,1), (4,2), (5,4), (3,5), (1,4), (2,2), (4,1), (5,3), (3,2), (5,1))
List((1,1), (2,3), (1,5), (3,4), (5,5), (4,3), (2,4), (4,5), (5,3), (4,1), (2,2), (1,4), (3,5), (5,4), (4,2), (2,1), (3,3), (1,2), (3,1), (5,2), (4,4), (2,5), (1,3), (3,2), (5,1))
List((1,1), (2,3), (1,5), (3,4), (5,5), (4,3), (2,4), (4,5), (5,3), (4,1), (2,2), (1,4), (3,5), (5,4), (4,2), (2,1), (1,3), (2,5), (3,3), (1,2), (3,1), (5,2), (4,4), (3,2), (5,1))
List((1,1), (2,3), (1,5), (3,4), (5,5), (4,3), (2,4), (1,2), (3,1), (5,2), (4,4), (2,5), (1,3), (2,1), (4,2), (5,4), (3,5), (1,4), (2,2), (4,1), (3,3), (4,5), (5,3), (3,2), (5,1))
List((1,1), (2,3), (1,5), (3,4), (5,5), (4,3), (2,4), (1,2), (3,1), (5,2), (4,4), (2,5), (3,3), (4,5), (5,3), (4,1), (2,2), (1,4), (3,5), (5,4), (4,2), (2,1), (1,3), (3,2), (5,1))
List((1,1), (2,3), (1,5), (3,4), (5,5), (4,3), (2,4), (1,2), (3,1), (5,2), (3,3), (4,5), (5,3), (4,1), (2,2), (1,4), (3,5), (5,4), (4,2), (2,1), (1,3), (2,5), (4,4), (3,2), (5,1))
List((1,1), (2,3), (1,5), (3,4), (5,5), (4,3), (2,2), (1,4), (3,5), (5,4), (4,2), (2,1), (3,3), (4,1), (5,3), (4,5), (2,4), (1,2), (3,1), (5,2), (4,4), (2,5), (1,3), (3,2), (5,1))
List((1,1), (2,3), (1,5), (3,4), (5,5), (4,3), (2,2), (1,4), (3,5), (5,4), (4,2), (2,1), (1,3), (2,5), (3,3), (4,1), (5,3), (4,5), (2,4), (1,2), (3,1), (5,2), (4,4), (3,2), (5,1))
List((1,1), (2,3), (1,5), (3,4), (5,5), (4,3), (2,2), (1,4), (3,5), (5,4), (4,2), (2,1), (1,3), (2,5), (4,4), (5,2), (3,1), (1,2), (3,3), (4,1), (5,3), (4,5), (2,4), (3,2), (5,1))
List((1,1), (2,3), (1,5), (3,4), (5,5), (4,3), (2,2), (1,4), (3,5), (5,4), (4,2), (2,1), (1,3), (2,5), (4,4), (5,2), (3,1), (1,2), (2,4), (4,5), (3,3), (4,1), (5,3), (3,2), (5,1))
List((1,1), (2,3), (1,5), (3,4), (5,5), (4,3), (2,2), (4,1), (5,3), (4,5), (2,4), (1,2), (3,1), (5,2), (4,4), (2,5), (3,3), (1,4), (3,5), (5,4), (4,2), (2,1), (1,3), (3,2), (5,1))
List((1,1), (2,3), (1,5), (3,4), (5,5), (4,3), (2,2), (4,1), (5,3), (4,5), (2,4), (1,2), (3,1), (5,2), (3,3), (1,4), (3,5), (5,4), (4,2), (2,1), (1,3), (2,5), (4,4), (3,2), (5,1))
List((1,1), (2,3), (1,5), (3,4), (5,5), (4,3), (2,2), (4,1), (5,3), (4,5), (3,3), (1,4), (3,5), (5,4), (4,2), (2,1), (1,3), (2,5), (4,4), (5,2), (3,1), (1,2), (2,4), (3,2), (5,1))
List((1,1), (2,3), (1,5), (3,4), (5,5), (4,3), (2,2), (4,1), (3,3), (1,4), (3,5), (5,4), (4,2), (2,1), (1,3), (2,5), (4,4), (5,2), (3,1), (1,2), (2,4), (4,5), (5,3), (3,2), (5,1))
List((1,1), (2,3), (1,5), (3,4), (5,5), (4,3), (3,1), (5,2), (4,4), (2,5), (1,3), (2,1), (4,2), (5,4), (3,5), (1,4), (2,2), (4,1), (5,3), (4,5), (3,3), (1,2), (2,4), (3,2), (5,1))
List((1,1), (2,3), (1,5), (3,4), (5,5), (4,3), (3,1), (5,2), (4,4), (2,5), (1,3), (2,1), (4,2), (5,4), (3,5), (1,4), (2,2), (4,1), (3,3), (1,2), (2,4), (4,5), (5,3), (3,2), (5,1))
List((1,1), (2,3), (1,5), (3,4), (5,5), (4,3), (3,1), (5,2), (4,4), (2,5), (3,3), (1,2), (2,4), (4,5), (5,3), (4,1), (2,2), (1,4), (3,5), (5,4), (4,2), (2,1), (1,3), (3,2), (5,1))
List((1,1), (2,3), (1,5), (3,4), (5,5), (4,3), (3,1), (5,2), (3,3), (1,2), (2,4), (4,5), (5,3), (4,1), (2,2), (1,4), (3,5), (5,4), (4,2), (2,1), (1,3), (2,5), (4,4), (3,2), (5,1))
List((1,1), (2,3), (1,5), (3,4), (5,5), (4,3), (3,1), (1,2), (3,3), (5,2), (4,4), (2,5), (1,3), (2,1), (4,2), (5,4), (3,5), (1,4), (2,2), (4,1), (5,3), (4,5), (2,4), (3,2), (5,1))
List((1,1), (2,3), (1,5), (3,4), (5,5), (4,3), (3,1), (1,2), (2,4), (4,5), (3,3), (5,2), (4,4), (2,5), (1,3), (2,1), (4,2), (5,4), (3,5), (1,4), (2,2), (4,1), (5,3), (3,2), (5,1))
List((1,1), (2,3), (1,5), (3,4), (5,5), (4,3), (3,1), (1,2), (2,4), (4,5), (5,3), (4,1), (2,2), (1,4), (3,5), (5,4), (4,2), (2,1), (3,3), (5,2), (4,4), (2,5), (1,3), (3,2), (5,1))
List((1,1), (2,3), (1,5), (3,4), (5,5), (4,3), (3,1), (1,2), (2,4), (4,5), (5,3), (4,1), (2,2), (1,4), (3,5), (5,4), (4,2), (2,1), (1,3), (2,5), (3,3), (5,2), (4,4), (3,2), (5,1))
List((1,1), (2,3), (1,5), (3,4), (5,5), (4,3), (5,1), (3,2), (5,3), (4,5), (2,4), (1,2), (3,3), (4,1), (2,2), (1,4), (3,5), (5,4), (4,2), (2,1), (1,3), (2,5), (4,4), (5,2), (3,1))
List((1,1), (2,3), (1,5), (3,4), (5,5), (4,3), (5,1), (3,2), (5,3), (4,5), (2,4), (1,2), (3,1), (5,2), (4,4), (2,5), (1,3), (2,1), (4,2), (5,4), (3,5), (1,4), (2,2), (4,1), (3,3))
List((1,1), (2,3), (1,5), (3,4), (5,5), (4,3), (5,1), (3,2), (5,3), (4,5), (2,4), (1,2), (3,1), (5,2), (4,4), (2,5), (1,3), (2,1), (4,2), (5,4), (3,5), (1,4), (3,3), (4,1), (2,2))
List((1,1), (2,3), (1,5), (3,4), (5,5), (4,3), (5,1), (3,2), (5,3), (4,5), (2,4), (1,2), (3,1), (5,2), (4,4), (2,5), (1,3), (2,1), (4,2), (5,4), (3,3), (4,1), (2,2), (1,4), (3,5))
List((1,1), (2,3), (1,5), (3,4), (5,5), (4,3), (5,1), (3,2), (5,3), (4,5), (2,4), (1,2), (3,1), (5,2), (4,4), (2,5), (1,3), (2,1), (3,3), (4,1), (2,2), (1,4), (3,5), (5,4), (4,2))
List((1,1), (2,3), (1,5), (3,4), (5,5), (4,3), (5,1), (3,2), (5,3), (4,5), (2,4), (1,2), (3,1), (5,2), (4,4), (2,5), (3,3), (4,1), (2,2), (1,4), (3,5), (5,4), (4,2), (2,1), (1,3))
List((1,1), (2,3), (1,5), (3,4), (5,5), (4,3), (5,1), (3,2), (5,3), (4,5), (2,4), (1,2), (3,1), (5,2), (3,3), (4,1), (2,2), (1,4), (3,5), (5,4), (4,2), (2,1), (1,3), (2,5), (4,4))
List((1,1), (2,3), (1,5), (3,4), (5,5), (4,3), (5,1), (3,2), (5,3), (4,5), (3,3), (4,1), (2,2), (1,4), (3,5), (5,4), (4,2), (2,1), (1,3), (2,5), (4,4), (5,2), (3,1), (1,2), (2,4))
List((1,1), (2,3), (1,5), (3,4), (5,5), (4,3), (5,1), (3,2), (5,3), (4,1), (3,3), (4,5), (2,4), (1,2), (3,1), (5,2), (4,4), (2,5), (1,3), (2,1), (4,2), (5,4), (3,5), (1,4), (2,2))
List((1,1), (2,3), (1,5), (3,4), (5,5), (4,3), (5,1), (3,2), (5,3), (4,1), (2,2), (1,4), (3,5), (5,4), (3,3), (4,5), (2,4), (1,2), (3,1), (5,2), (4,4), (2,5), (1,3), (2,1), (4,2))
List((1,1), (2,3), (1,5), (3,4), (5,5), (4,3), (5,1), (3,2), (5,3), (4,1), (2,2), (1,4), (3,5), (5,4), (4,2), (2,1), (3,3), (4,5), (2,4), (1,2), (3,1), (5,2), (4,4), (2,5), (1,3))
List((1,1), (2,3), (1,5), (3,4), (5,5), (4,3), (5,1), (3,2), (5,3), (4,1), (2,2), (1,4), (3,5), (5,4), (4,2), (2,1), (1,3), (2,5), (3,3), (4,5), (2,4), (1,2), (3,1), (5,2), (4,4))
List((1,1), (2,3), (1,5), (3,4), (5,5), (4,3), (5,1), (3,2), (5,3), (4,1), (2,2), (1,4), (3,5), (5,4), (4,2), (2,1), (1,3), (2,5), (4,4), (5,2), (3,3), (4,5), (2,4), (1,2), (3,1))
List((1,1), (2,3), (1,5), (3,4), (5,5), (4,3), (5,1), (3,2), (5,3), (4,1), (2,2), (1,4), (3,5), (5,4), (4,2), (2,1), (1,3), (2,5), (4,4), (5,2), (3,1), (1,2), (3,3), (4,5), (2,4))
List((1,1), (2,3), (1,5), (3,4), (5,5), (4,3), (5,1), (3,2), (5,3), (4,1), (2,2), (1,4), (3,5), (5,4), (4,2), (2,1), (1,3), (2,5), (4,4), (5,2), (3,1), (1,2), (2,4), (4,5), (3,3))
List((1,1), (2,3), (1,5), (3,4), (5,5), (4,3), (5,1), (3,2), (5,3), (4,1), (2,2), (1,4), (3,3), (4,5), (2,4), (1,2), (3,1), (5,2), (4,4), (2,5), (1,3), (2,1), (4,2), (5,4), (3,5))
List((1,1), (2,3), (1,5), (3,4), (5,5), (4,3), (5,1), (3,2), (4,4), (2,5), (1,3), (2,1), (4,2), (5,4), (3,5), (1,4), (2,2), (4,1), (5,3), (4,5), (2,4), (1,2), (3,3), (5,2), (3,1))
List((1,1), (2,3), (1,5), (3,4), (5,5), (4,3), (5,1), (3,2), (4,4), (2,5), (1,3), (2,1), (4,2), (5,4), (3,5), (1,4), (2,2), (4,1), (5,3), (4,5), (2,4), (1,2), (3,1), (5,2), (3,3))
List((1,1), (2,3), (1,5), (3,4), (5,5), (4,3), (5,1), (3,2), (4,4), (2,5), (1,3), (2,1), (4,2), (5,4), (3,5), (1,4), (2,2), (4,1), (5,3), (4,5), (3,3), (5,2), (3,1), (1,2), (2,4))
List((1,1), (2,3), (1,5), (3,4), (5,5), (4,3), (5,1), (3,2), (4,4), (2,5), (1,3), (2,1), (4,2), (5,4), (3,5), (1,4), (2,2), (4,1), (3,3), (5,2), (3,1), (1,2), (2,4), (4,5), (5,3))
List((1,1), (2,3), (1,5), (3,4), (5,5), (4,3), (5,1), (3,2), (4,4), (2,5), (1,3), (2,1), (4,2), (5,4), (3,5), (1,4), (3,3), (5,2), (3,1), (1,2), (2,4), (4,5), (5,3), (4,1), (2,2))
List((1,1), (2,3), (1,5), (3,4), (5,5), (4,3), (5,1), (3,2), (4,4), (2,5), (1,3), (2,1), (4,2), (5,4), (3,3), (5,2), (3,1), (1,2), (2,4), (4,5), (5,3), (4,1), (2,2), (1,4), (3,5))
List((1,1), (2,3), (1,5), (3,4), (5,5), (4,3), (5,1), (3,2), (4,4), (2,5), (1,3), (2,1), (3,3), (5,2), (3,1), (1,2), (2,4), (4,5), (5,3), (4,1), (2,2), (1,4), (3,5), (5,4), (4,2))
List((1,1), (2,3), (1,5), (3,4), (5,5), (4,3), (5,1), (3,2), (4,4), (2,5), (3,3), (5,2), (3,1), (1,2), (2,4), (4,5), (5,3), (4,1), (2,2), (1,4), (3,5), (5,4), (4,2), (2,1), (1,3))
List((1,1), (2,3), (1,5), (3,4), (5,5), (4,3), (5,1), (3,2), (4,4), (5,2), (3,3), (2,5), (1,3), (2,1), (4,2), (5,4), (3,5), (1,4), (2,2), (4,1), (5,3), (4,5), (2,4), (1,2), (3,1))
List((1,1), (2,3), (1,5), (3,4), (5,5), (4,3), (5,1), (3,2), (4,4), (5,2), (3,1), (1,2), (3,3), (2,5), (1,3), (2,1), (4,2), (5,4), (3,5), (1,4), (2,2), (4,1), (5,3), (4,5), (2,4))
List((1,1), (2,3), (1,5), (3,4), (5,5), (4,3), (5,1), (3,2), (4,4), (5,2), (3,1), (1,2), (2,4), (4,5), (3,3), (2,5), (1,3), (2,1), (4,2), (5,4), (3,5), (1,4), (2,2), (4,1), (5,3))
List((1,1), (2,3), (1,5), (3,4), (5,5), (4,3), (5,1), (3,2), (4,4), (5,2), (3,1), (1,2), (2,4), (4,5), (5,3), (4,1), (3,3), (2,5), (1,3), (2,1), (4,2), (5,4), (3,5), (1,4), (2,2))
List((1,1), (2,3), (1,5), (3,4), (5,5), (4,3), (5,1), (3,2), (4,4), (5,2), (3,1), (1,2), (2,4), (4,5), (5,3), (4,1), (2,2), (1,4), (3,5), (5,4), (3,3), (2,5), (1,3), (2,1), (4,2))
List((1,1), (2,3), (1,5), (3,4), (5,5), (4,3), (5,1), (3,2), (4,4), (5,2), (3,1), (1,2), (2,4), (4,5), (5,3), (4,1), (2,2), (1,4), (3,5), (5,4), (4,2), (2,1), (3,3), (2,5), (1,3))
List((1,1), (2,3), (1,5), (3,4), (5,5), (4,3), (5,1), (3,2), (4,4), (5,2), (3,1), (1,2), (2,4), (4,5), (5,3), (4,1), (2,2), (1,4), (3,5), (5,4), (4,2), (2,1), (1,3), (2,5), (3,3))
List((1,1), (2,3), (1,5), (3,4), (5,5), (4,3), (5,1), (3,2), (4,4), (5,2), (3,1), (1,2), (2,4), (4,5), (5,3), (4,1), (2,2), (1,4), (3,3), (2,5), (1,3), (2,1), (4,2), (5,4), (3,5))
List((1,1), (2,3), (1,5), (3,4), (5,5), (4,3), (5,1), (3,2), (2,4), (4,5), (3,3), (1,2), (3,1), (5,2), (4,4), (2,5), (1,3), (2,1), (4,2), (5,4), (3,5), (1,4), (2,2), (4,1), (5,3))
List((1,1), (2,3), (1,5), (3,4), (5,5), (4,3), (5,1), (3,2), (2,4), (4,5), (5,3), (4,1), (3,3), (1,2), (3,1), (5,2), (4,4), (2,5), (1,3), (2,1), (4,2), (5,4), (3,5), (1,4), (2,2))
List((1,1), (2,3), (1,5), (3,4), (5,5), (4,3), (5,1), (3,2), (2,4), (4,5), (5,3), (4,1), (2,2), (1,4), (3,5), (5,4), (3,3), (1,2), (3,1), (5,2), (4,4), (2,5), (1,3), (2,1), (4,2))
List((1,1), (2,3), (1,5), (3,4), (5,5), (4,3), (5,1), (3,2), (2,4), (4,5), (5,3), (4,1), (2,2), (1,4), (3,5), (5,4), (4,2), (2,1), (3,3), (1,2), (3,1), (5,2), (4,4), (2,5), (1,3))
List((1,1), (2,3), (1,5), (3,4), (5,5), (4,3), (5,1), (3,2), (2,4), (4,5), (5,3), (4,1), (2,2), (1,4), (3,5), (5,4), (4,2), (2,1), (1,3), (2,5), (3,3), (1,2), (3,1), (5,2), (4,4))
List((1,1), (2,3), (1,5), (3,4), (5,5), (4,3), (5,1), (3,2), (2,4), (4,5), (5,3), (4,1), (2,2), (1,4), (3,5), (5,4), (4,2), (2,1), (1,3), (2,5), (4,4), (5,2), (3,3), (1,2), (3,1))
List((1,1), (2,3), (1,5), (3,4), (5,5), (4,3), (5,1), (3,2), (2,4), (4,5), (5,3), (4,1), (2,2), (1,4), (3,5), (5,4), (4,2), (2,1), (1,3), (2,5), (4,4), (5,2), (3,1), (1,2), (3,3))
List((1,1), (2,3), (1,5), (3,4), (5,5), (4,3), (5,1), (3,2), (2,4), (4,5), (5,3), (4,1), (2,2), (1,4), (3,3), (1,2), (3,1), (5,2), (4,4), (2,5), (1,3), (2,1), (4,2), (5,4), (3,5))
List((1,1), (2,3), (1,5), (3,4), (5,5), (4,3), (5,1), (3,2), (2,4), (1,2), (3,3), (4,5), (5,3), (4,1), (2,2), (1,4), (3,5), (5,4), (4,2), (2,1), (1,3), (2,5), (4,4), (5,2), (3,1))
List((1,1), (2,3), (1,5), (3,4), (5,5), (4,3), (5,1), (3,2), (2,4), (1,2), (3,1), (5,2), (4,4), (2,5), (1,3), (2,1), (4,2), (5,4), (3,5), (1,4), (2,2), (4,1), (5,3), (4,5), (3,3))
List((1,1), (2,3), (1,5), (3,4), (5,5), (4,3), (5,1), (3,2), (2,4), (1,2), (3,1), (5,2), (4,4), (2,5), (1,3), (2,1), (4,2), (5,4), (3,5), (1,4), (2,2), (4,1), (3,3), (4,5), (5,3))
List((1,1), (2,3), (1,5), (3,4), (5,5), (4,3), (5,1), (3,2), (2,4), (1,2), (3,1), (5,2), (4,4), (2,5), (1,3), (2,1), (4,2), (5,4), (3,5), (1,4), (3,3), (4,5), (5,3), (4,1), (2,2))
List((1,1), (2,3), (1,5), (3,4), (5,5), (4,3), (5,1), (3,2), (2,4), (1,2), (3,1), (5,2), (4,4), (2,5), (1,3), (2,1), (4,2), (5,4), (3,3), (4,5), (5,3), (4,1), (2,2), (1,4), (3,5))
List((1,1), (2,3), (1,5), (3,4), (5,5), (4,3), (5,1), (3,2), (2,4), (1,2), (3,1), (5,2), (4,4), (2,5), (1,3), (2,1), (3,3), (4,5), (5,3), (4,1), (2,2), (1,4), (3,5), (5,4), (4,2))
List((1,1), (2,3), (1,5), (3,4), (5,5), (4,3), (5,1), (3,2), (2,4), (1,2), (3,1), (5,2), (4,4), (2,5), (3,3), (4,5), (5,3), (4,1), (2,2), (1,4), (3,5), (5,4), (4,2), (2,1), (1,3))
List((1,1), (2,3), (1,5), (3,4), (5,5), (4,3), (5,1), (3,2), (2,4), (1,2), (3,1), (5,2), (3,3), (4,5), (5,3), (4,1), (2,2), (1,4), (3,5), (5,4), (4,2), (2,1), (1,3), (2,5), (4,4))
List((1,1), (2,3), (1,5), (3,4), (5,5), (4,3), (5,1), (3,2), (1,3), (2,5), (3,3), (2,1), (4,2), (5,4), (3,5), (1,4), (2,2), (4,1), (5,3), (4,5), (2,4), (1,2), (3,1), (5,2), (4,4))
List((1,1), (2,3), (1,5), (3,4), (5,5), (4,3), (5,1), (3,2), (1,3), (2,5), (4,4), (5,2), (3,3), (2,1), (4,2), (5,4), (3,5), (1,4), (2,2), (4,1), (5,3), (4,5), (2,4), (1,2), (3,1))
List((1,1), (2,3), (1,5), (3,4), (5,5), (4,3), (5,1), (3,2), (1,3), (2,5), (4,4), (5,2), (3,1), (1,2), (3,3), (2,1), (4,2), (5,4), (3,5), (1,4), (2,2), (4,1), (5,3), (4,5), (2,4))
List((1,1), (2,3), (1,5), (3,4), (5,5), (4,3), (5,1), (3,2), (1,3), (2,5), (4,4), (5,2), (3,1), (1,2), (2,4), (4,5), (3,3), (2,1), (4,2), (5,4), (3,5), (1,4), (2,2), (4,1), (5,3))
List((1,1), (2,3), (1,5), (3,4), (5,5), (4,3), (5,1), (3,2), (1,3), (2,5), (4,4), (5,2), (3,1), (1,2), (2,4), (4,5), (5,3), (4,1), (3,3), (2,1), (4,2), (5,4), (3,5), (1,4), (2,2))
List((1,1), (2,3), (1,5), (3,4), (5,5), (4,3), (5,1), (3,2), (1,3), (2,5), (4,4), (5,2), (3,1), (1,2), (2,4), (4,5), (5,3), (4,1), (2,2), (1,4), (3,5), (5,4), (3,3), (2,1), (4,2))
List((1,1), (2,3), (1,5), (3,4), (5,5), (4,3), (5,1), (3,2), (1,3), (2,5), (4,4), (5,2), (3,1), (1,2), (2,4), (4,5), (5,3), (4,1), (2,2), (1,4), (3,5), (5,4), (4,2), (2,1), (3,3))
List((1,1), (2,3), (1,5), (3,4), (5,5), (4,3), (5,1), (3,2), (1,3), (2,5), (4,4), (5,2), (3,1), (1,2), (2,4), (4,5), (5,3), (4,1), (2,2), (1,4), (3,3), (2,1), (4,2), (5,4), (3,5))
List((1,1), (2,3), (1,5), (3,4), (5,5), (4,3), (5,1), (3,2), (1,3), (2,1), (4,2), (5,4), (3,5), (1,4), (2,2), (4,1), (5,3), (4,5), (2,4), (1,2), (3,3), (2,5), (4,4), (5,2), (3,1))
List((1,1), (2,3), (1,5), (3,4), (5,5), (4,3), (5,1), (3,2), (1,3), (2,1), (4,2), (5,4), (3,5), (1,4), (2,2), (4,1), (5,3), (4,5), (2,4), (1,2), (3,1), (5,2), (4,4), (2,5), (3,3))
List((1,1), (2,3), (1,5), (3,4), (5,5), (4,3), (5,1), (3,2), (1,3), (2,1), (4,2), (5,4), (3,5), (1,4), (2,2), (4,1), (5,3), (4,5), (2,4), (1,2), (3,1), (5,2), (3,3), (2,5), (4,4))
List((1,1), (2,3), (1,5), (3,4), (5,5), (4,3), (5,1), (3,2), (1,3), (2,1), (4,2), (5,4), (3,5), (1,4), (2,2), (4,1), (5,3), (4,5), (3,3), (2,5), (4,4), (5,2), (3,1), (1,2), (2,4))
List((1,1), (2,3), (1,5), (3,4), (5,5), (4,3), (5,1), (3,2), (1,3), (2,1), (4,2), (5,4), (3,5), (1,4), (2,2), (4,1), (3,3), (2,5), (4,4), (5,2), (3,1), (1,2), (2,4), (4,5), (5,3))
List((1,1), (2,3), (1,5), (3,4), (5,5), (4,3), (5,1), (3,2), (1,3), (2,1), (4,2), (5,4), (3,5), (1,4), (3,3), (2,5), (4,4), (5,2), (3,1), (1,2), (2,4), (4,5), (5,3), (4,1), (2,2))
List((1,1), (2,3), (1,5), (3,4), (5,5), (4,3), (5,1), (3,2), (1,3), (2,1), (4,2), (5,4), (3,3), (2,5), (4,4), (5,2), (3,1), (1,2), (2,4), (4,5), (5,3), (4,1), (2,2), (1,4), (3,5))
List((1,1), (2,3), (1,5), (3,4), (5,5), (4,3), (5,1), (3,2), (1,3), (2,1), (3,3), (2,5), (4,4), (5,2), (3,1), (1,2), (2,4), (4,5), (5,3), (4,1), (2,2), (1,4), (3,5), (5,4), (4,2))
List((1,1), (2,3), (1,5), (3,4), (1,3), (2,5), (3,3), (2,1), (4,2), (5,4), (3,5), (1,4), (2,2), (4,1), (5,3), (4,5), (2,4), (1,2), (3,1), (5,2), (4,4), (3,2), (5,1), (4,3), (5,5))
List((1,1), (2,3), (1,5), (3,4), (1,3), (2,5), (4,4), (5,2), (3,1), (1,2), (3,3), (2,1), (4,2), (5,4), (3,5), (1,4), (2,2), (4,1), (5,3), (4,5), (2,4), (3,2), (5,1), (4,3), (5,5))
List((1,1), (2,3), (1,5), (3,4), (1,3), (2,5), (4,4), (5,2), (3,1), (1,2), (2,4), (4,5), (3,3), (2,1), (4,2), (5,4), (3,5), (1,4), (2,2), (4,1), (5,3), (3,2), (5,1), (4,3), (5,5))
List((1,1), (2,3), (1,5), (3,4), (1,3), (2,1), (4,2), (5,4), (3,5), (1,4), (2,2), (4,1), (5,3), (4,5), (2,4), (1,2), (3,1), (5,2), (3,3), (2,5), (4,4), (3,2), (5,1), (4,3), (5,5))
List((1,1), (2,3), (1,5), (3,4), (1,3), (2,1), (4,2), (5,4), (3,5), (1,4), (2,2), (4,1), (5,3), (4,5), (3,3), (2,5), (4,4), (5,2), (3,1), (1,2), (2,4), (3,2), (5,1), (4,3), (5,5))
List((1,1), (2,3), (1,5), (3,4), (1,3), (2,1), (4,2), (5,4), (3,5), (1,4), (2,2), (4,1), (3,3), (2,5), (4,4), (5,2), (3,1), (1,2), (2,4), (4,5), (5,3), (3,2), (5,1), (4,3), (5,5))
List((1,1), (2,3), (1,5), (3,4), (2,2), (1,4), (3,5), (5,4), (4,2), (2,1), (3,3), (4,1), (5,3), (4,5), (2,4), (1,2), (3,1), (5,2), (4,4), (2,5), (1,3), (3,2), (5,1), (4,3), (5,5))
List((1,1), (2,3), (1,5), (3,4), (2,2), (1,4), (3,5), (5,4), (4,2), (2,1), (1,3), (2,5), (3,3), (4,1), (5,3), (4,5), (2,4), (1,2), (3,1), (5,2), (4,4), (3,2), (5,1), (4,3), (5,5))
List((1,1), (2,3), (1,5), (3,4), (2,2), (1,4), (3,5), (5,4), (4,2), (2,1), (1,3), (2,5), (4,4), (5,2), (3,1), (1,2), (3,3), (4,1), (5,3), (4,5), (2,4), (3,2), (5,1), (4,3), (5,5))
List((1,1), (2,3), (1,5), (3,4), (2,2), (1,4), (3,5), (5,4), (4,2), (2,1), (1,3), (2,5), (4,4), (5,2), (3,1), (1,2), (2,4), (4,5), (3,3), (4,1), (5,3), (3,2), (5,1), (4,3), (5,5))
List((1,1), (2,3), (1,5), (3,4), (2,2), (4,1), (5,3), (4,5), (2,4), (1,2), (3,1), (5,2), (4,4), (2,5), (3,3), (1,4), (3,5), (5,4), (4,2), (2,1), (1,3), (3,2), (5,1), (4,3), (5,5))
List((1,1), (2,3), (1,5), (3,4), (2,2), (4,1), (5,3), (4,5), (2,4), (1,2), (3,1), (5,2), (3,3), (1,4), (3,5), (5,4), (4,2), (2,1), (1,3), (2,5), (4,4), (3,2), (5,1), (4,3), (5,5))
List((1,1), (2,3), (1,5), (3,4), (2,2), (4,1), (5,3), (4,5), (3,3), (1,4), (3,5), (5,4), (4,2), (2,1), (1,3), (2,5), (4,4), (5,2), (3,1), (1,2), (2,4), (3,2), (5,1), (4,3), (5,5))
List((1,1), (2,3), (1,5), (3,4), (2,2), (4,1), (3,3), (1,4), (3,5), (5,4), (4,2), (2,1), (1,3), (2,5), (4,4), (5,2), (3,1), (1,2), (2,4), (4,5), (5,3), (3,2), (5,1), (4,3), (5,5))
List((1,1), (2,3), (1,5), (3,4), (4,2), (5,4), (3,5), (1,4), (2,2), (4,1), (5,3), (4,5), (2,4), (1,2), (3,1), (5,2), (4,4), (2,5), (3,3), (2,1), (1,3), (3,2), (5,1), (4,3), (5,5))
List((1,1), (2,3), (1,5), (3,4), (4,2), (5,4), (3,5), (1,4), (2,2), (4,1), (5,3), (4,5), (2,4), (1,2), (3,1), (5,2), (3,3), (2,1), (1,3), (2,5), (4,4), (3,2), (5,1), (4,3), (5,5))
List((1,1), (2,3), (1,5), (3,4), (4,2), (5,4), (3,5), (1,4), (2,2), (4,1), (5,3), (4,5), (3,3), (2,1), (1,3), (2,5), (4,4), (5,2), (3,1), (1,2), (2,4), (3,2), (5,1), (4,3), (5,5))
List((1,1), (2,3), (1,5), (3,4), (4,2), (5,4), (3,5), (1,4), (2,2), (4,1), (3,3), (2,1), (1,3), (2,5), (4,4), (5,2), (3,1), (1,2), (2,4), (4,5), (5,3), (3,2), (5,1), (4,3), (5,5))
List((1,1), (2,3), (1,5), (3,4), (4,2), (2,1), (3,3), (5,4), (3,5), (1,4), (2,2), (4,1), (5,3), (4,5), (2,4), (1,2), (3,1), (5,2), (4,4), (2,5), (1,3), (3,2), (5,1), (4,3), (5,5))
List((1,1), (2,3), (1,5), (3,4), (4,2), (2,1), (1,3), (2,5), (3,3), (5,4), (3,5), (1,4), (2,2), (4,1), (5,3), (4,5), (2,4), (1,2), (3,1), (5,2), (4,4), (3,2), (5,1), (4,3), (5,5))
List((1,1), (2,3), (1,5), (3,4), (4,2), (2,1), (1,3), (2,5), (4,4), (5,2), (3,1), (1,2), (3,3), (5,4), (3,5), (1,4), (2,2), (4,1), (5,3), (4,5), (2,4), (3,2), (5,1), (4,3), (5,5))
List((1,1), (2,3), (1,5), (3,4), (4,2), (2,1), (1,3), (2,5), (4,4), (5,2), (3,1), (1,2), (2,4), (4,5), (3,3), (5,4), (3,5), (1,4), (2,2), (4,1), (5,3), (3,2), (5,1), (4,3), (5,5))
List((1,1), (2,3), (1,5), (3,4), (5,3), (4,5), (2,4), (1,2), (3,1), (5,2), (4,4), (2,5), (3,3), (4,1), (2,2), (1,4), (3,5), (5,4), (4,2), (2,1), (1,3), (3,2), (5,1), (4,3), (5,5))
List((1,1), (2,3), (1,5), (3,4), (5,3), (4,5), (2,4), (1,2), (3,1), (5,2), (3,3), (4,1), (2,2), (1,4), (3,5), (5,4), (4,2), (2,1), (1,3), (2,5), (4,4), (3,2), (5,1), (4,3), (5,5))
List((1,1), (2,3), (1,5), (3,4), (5,3), (4,5), (3,3), (4,1), (2,2), (1,4), (3,5), (5,4), (4,2), (2,1), (1,3), (2,5), (4,4), (5,2), (3,1), (1,2), (2,4), (3,2), (5,1), (4,3), (5,5))
List((1,1), (2,3), (1,5), (3,4), (5,3), (4,1), (2,2), (1,4), (3,5), (5,4), (4,2), (2,1), (3,3), (4,5), (2,4), (1,2), (3,1), (5,2), (4,4), (2,5), (1,3), (3,2), (5,1), (4,3), (5,5))
List((1,1), (2,3), (1,5), (3,4), (5,3), (4,1), (2,2), (1,4), (3,5), (5,4), (4,2), (2,1), (1,3), (2,5), (3,3), (4,5), (2,4), (1,2), (3,1), (5,2), (4,4), (3,2), (5,1), (4,3), (5,5))
List((1,1), (2,3), (1,5), (3,4), (5,3), (4,1), (2,2), (1,4), (3,5), (5,4), (4,2), (2,1), (1,3), (2,5), (4,4), (5,2), (3,1), (1,2), (3,3), (4,5), (2,4), (3,2), (5,1), (4,3), (5,5))
List((1,1), (2,3), (3,1), (5,2), (4,4), (2,5), (1,3), (2,1), (4,2), (5,4), (3,5), (1,4), (2,2), (4,1), (5,3), (4,5), (3,3), (1,2), (2,4), (3,2), (5,1), (4,3), (5,5), (3,4), (1,5))
List((1,1), (2,3), (3,1), (5,2), (4,4), (2,5), (1,3), (2,1), (4,2), (5,4), (3,5), (1,4), (2,2), (4,1), (3,3), (1,2), (2,4), (4,5), (5,3), (3,2), (5,1), (4,3), (5,5), (3,4), (1,5))
List((1,1), (2,3), (3,1), (5,2), (4,4), (2,5), (3,3), (1,2), (2,4), (4,5), (5,3), (4,1), (2,2), (1,4), (3,5), (5,4), (4,2), (2,1), (1,3), (3,2), (5,1), (4,3), (5,5), (3,4), (1,5))
List((1,1), (2,3), (3,1), (5,2), (3,3), (1,2), (2,4), (4,5), (5,3), (4,1), (2,2), (1,4), (3,5), (5,4), (4,2), (2,1), (1,3), (2,5), (4,4), (3,2), (5,1), (4,3), (5,5), (3,4), (1,5))
List((1,1), (2,3), (3,1), (1,2), (3,3), (5,2), (4,4), (2,5), (1,3), (2,1), (4,2), (5,4), (3,5), (1,4), (2,2), (4,1), (5,3), (4,5), (2,4), (3,2), (5,1), (4,3), (5,5), (3,4), (1,5))
List((1,1), (2,3), (3,1), (1,2), (2,4), (4,5), (3,3), (5,2), (4,4), (2,5), (1,3), (2,1), (4,2), (5,4), (3,5), (1,4), (2,2), (4,1), (5,3), (3,2), (5,1), (4,3), (5,5), (3,4), (1,5))
List((1,1), (2,3), (3,1), (1,2), (2,4), (4,5), (5,3), (4,1), (2,2), (1,4), (3,5), (5,4), (4,2), (2,1), (3,3), (5,2), (4,4), (2,5), (1,3), (3,2), (5,1), (4,3), (5,5), (3,4), (1,5))
List((1,1), (2,3), (3,1), (1,2), (2,4), (4,5), (5,3), (4,1), (2,2), (1,4), (3,5), (5,4), (4,2), (2,1), (1,3), (2,5), (3,3), (5,2), (4,4), (3,2), (5,1), (4,3), (5,5), (3,4), (1,5))
List((1,1), (2,3), (4,2), (5,4), (3,5), (1,4), (2,2), (4,1), (5,3), (4,5), (2,4), (1,2), (3,1), (5,2), (4,4), (2,5), (3,3), (2,1), (1,3), (3,2), (5,1), (4,3), (5,5), (3,4), (1,5))
List((1,1), (2,3), (4,2), (5,4), (3,5), (1,4), (2,2), (4,1), (5,3), (4,5), (2,4), (1,2), (3,1), (5,2), (3,3), (2,1), (1,3), (2,5), (4,4), (3,2), (5,1), (4,3), (5,5), (3,4), (1,5))
List((1,1), (2,3), (4,2), (5,4), (3,5), (1,4), (2,2), (4,1), (5,3), (4,5), (3,3), (2,1), (1,3), (2,5), (4,4), (5,2), (3,1), (1,2), (2,4), (3,2), (5,1), (4,3), (5,5), (3,4), (1,5))
List((1,1), (2,3), (4,2), (5,4), (3,5), (1,4), (2,2), (4,1), (3,3), (2,1), (1,3), (2,5), (4,4), (5,2), (3,1), (1,2), (2,4), (4,5), (5,3), (3,2), (5,1), (4,3), (5,5), (3,4), (1,5))
List((1,1), (2,3), (4,2), (2,1), (3,3), (5,4), (3,5), (1,4), (2,2), (4,1), (5,3), (4,5), (2,4), (1,2), (3,1), (5,2), (4,4), (2,5), (1,3), (3,2), (5,1), (4,3), (5,5), (3,4), (1,5))
List((1,1), (2,3), (4,2), (2,1), (1,3), (2,5), (3,3), (5,4), (3,5), (1,4), (2,2), (4,1), (5,3), (4,5), (2,4), (1,2), (3,1), (5,2), (4,4), (3,2), (5,1), (4,3), (5,5), (3,4), (1,5))
List((1,1), (2,3), (4,2), (2,1), (1,3), (2,5), (4,4), (5,2), (3,1), (1,2), (3,3), (5,4), (3,5), (1,4), (2,2), (4,1), (5,3), (4,5), (2,4), (3,2), (5,1), (4,3), (5,5), (3,4), (1,5))
List((1,1), (2,3), (4,2), (2,1), (1,3), (2,5), (4,4), (5,2), (3,1), (1,2), (2,4), (4,5), (3,3), (5,4), (3,5), (1,4), (2,2), (4,1), (5,3), (3,2), (5,1), (4,3), (5,5), (3,4), (1,5))
151,153,359,455,463,471,540,540,543,553,642,652,657,657,662,662,662,662,663,664,664,664,664,665,665,665,666,666,667,667,667,667,668,668,668,669,669,669,670,671,671,671,672,672,672,672,672,673,673,673,673,673,673,673,673,673,673,673,673,673,673,673,673,673,673,673,673,673,673,673,673,673,673,673,673,673,673,673,673,673,674,674,674,674,674,674,674,674,674,674,674,674,674,674,674,674,674,674,674,674,674,674,674,674,674,674,674,674,675,680,681,682,682,682,701,702,702,702,705,706,710,714,716,716,717,718,726,729,733,734,738,739,744,755,755,755,761,761,779,808,860,866,876,876,914,914,916,921,1056,1086,1098,1100
              

Global duration: 0.01975 min
